1 0.13984375 0.165625 0.1234375 0.2125
1 0.33125 0.1625 0.11875 0.215625
1 0.5109375 0.159375 0.11875 0.215625
1 0.690625 0.16171875 0.1125 0.2109375
1 0.871875 0.1640625 0.125 0.215625
1 0.86953125 0.3921875 0.1203125 0.215625
1 0.696875 0.3921875 0.1 0.209375
1 0.5125 0.38984375 0.13125 0.2140625
1 0.328125 0.3890625 0.125 0.2125
1 0.14140625 0.3890625 0.1265625 0.209375
1 0.13984375 0.61484375 0.1265625 0.2078125
1 0.14140625 0.84375 0.1203125 0.215625
1 0.3296875 0.6125 0.115625 0.2125
1 0.32890625 0.84140625 0.1078125 0.2109375
1 0.5078125 0.83984375 0.115625 0.2109375
1 0.69375 0.8390625 0.11875 0.2125
1 0.87578125 0.8421875 0.1328125 0.215625
1 0.8703125 0.6125 0.115625 0.2125
1 0.69453125 0.61328125 0.1140625 0.2109375
1 0.5109375 0.6140625 0.125 0.215625